fric3_rand_f5 2023-12-06 13:16:46.674398
fric3_rand_f5 2023-12-06 13:18:43.737657
0 5.861644661615765
1 4.060112936726804
2 3.050466117143498
3 2.611881665717986
4 2.3368270235139135
5 2.1362059132713456
6 1.9434713787762234
7 1.780021672316531
8 1.6356097914691348
9 1.5164557664765181
10 1.3933465556006792
10 [0.298098 0.318985 1.455713] test
11 1.4104311333276187
12 1.3064843262726942
13 1.2300264955915075
14 1.142714536570615
15 1.0874002203169184
16 1.0174092124139549
17 0.989691258533662
18 0.9059160588447358
19 0.8912152112449038
20 0.8073005705613384
20 [0.331908 0.336147 1.539646] test
21 0.81798066515917
22 0.7605873141054115
23 0.6994070398009072
24 0.650291156180946
25 0.6484428031010642
26 0.5727883331087582
27 0.5903511298902883
28 0.5435314447369021
29 0.4665714520794466
30 0.44566241406350904
30 [0.336843 0.337096 1.550914] test
31 0.5128795443366166
32 0.4886083802981197
33 0.3785652551014004
34 0.34260609195339425
35 0.29695401129457016
36 0.2547933788309546
37 0.24370648761189811
38 0.1910109501853738
39 0.16883283146621594
40 0.12116939366646731
40 [0.344542 0.339123 1.562525] test
41 0.13446736273902185
42 0.07905424648601483
43 0.055130618098736504
44 0.03824653694498486
45 0.02040847672546447
46 -0.01412900954833429
47 -0.055327986388980836
48 -0.11111713431455597
49 -0.11769376195274714
50 -0.17417343108120306
50 [0.352018 0.338855 1.56045 ] test
51 -0.16097350228803387
52 -0.19165294507226333
53 -0.18670968361120352
54 -0.2078696820358547
55 -0.25423035149098094
56 -0.28316033567739635
57 -0.24430207315824543
58 -0.2964100940247601
59 -0.37631917631061657
60 -0.3695017034155086
60 [0.36011  0.340138 1.566577] test
61 -0.36579045598318205
62 -0.4622989069760492
63 -0.46443490624323824
64 -0.5041475560835265
65 -0.48855146583042963
66 -0.5428380440808039
67 -0.5780664243570974
68 -0.6527810766240781
69 -0.7004601005743749
70 -0.6857709188373486
70 [0.360618 0.340915 1.565909] test
71 -0.6524178171978281
72 -0.6689414600922725
73 -0.7516904032110443
74 -0.8134569859313575
75 -0.8762231067624161
76 -0.9423681264135044
77 -0.9377387020402056
78 -0.9128310786880086
79 -0.9983367581014233
80 -0.9886097297133031
80 [0.359646 0.338417 1.560563] test
81 -1.1112784274337855
82 -1.164180350883799
83 -1.1631756180900745
84 -1.2878284592388458
85 -1.243800474756859
86 -1.3371807452477145
87 -1.3330995886988695
88 -1.4188635025224157
89 -1.4627414662273488
90 -1.4767705074672217
90 [0.364564 0.340854 1.57095 ] test
91 -1.4901132787324636
92 -1.568206535768663
93 -1.616299757676657
94 -1.6557554840618551
95 -1.7060766365786302
96 -1.8165105999882574
97 -1.9182323280802724
98 -1.9456278540845766
99 -1.9704842385447152
100 -1.8827938349423523
100 [0.372343 0.340279 1.560622] test
101 -1.9771640222173459
102 -2.1237770752946243
103 -2.1407017411959233
104 -2.207775465556194
105 -2.287607211787679
106 -2.2838049070374544
107 -2.3057553240488704
108 -2.35733857903662
109 -2.347009445490942
110 -2.5220929407137174
110 [0.370895 0.338325 1.550204] test
111 -2.495696280136034
112 -2.478624472128246
113 -2.568365307224915
114 -2.630067170164149
115 -2.6967789871431087
116 -2.713702833436369
117 -2.759767898109578
118 -2.748555870412314
119 -2.7297610721190537
120 -2.9008926996497246
120 [0.371251 0.338621 1.545306] test
121 -2.8974705491135357
122 -2.845616027718609
123 -2.885193698699604
124 -3.019481785604804
125 -3.0717571104567747
126 -3.1082540661017752
127 -3.1259422281903575
128 -3.1415273613077033
129 -3.213037016950495
130 -3.2818454712623395
130 [0.387116 0.339356 1.545047] test
131 -3.3569752564973054
132 -3.4295949018048018
133 -3.435390747217979
134 -3.4151792191422907
135 -3.4882331040532453
136 -3.5868117660237226
137 -3.59995252721832
138 -3.635763782488815
139 -3.6099241672090048
140 -3.5820662762408078
140 [0.396917 0.340932 1.548764] test
141 -3.6694622205333913
142 -3.6628859499879565
143 -3.725349570802576
144 -3.787622923344716
145 -3.7687458309971205
146 -3.7634495504846064
147 -3.836793999836164
148 -3.802247998906275
149 -3.911424182675394
150 -3.9601573531404073
150 [0.386722 0.340065 1.544706] test
151 -3.9040688071746374
152 -4.063286665561494
153 -4.055265977324044
154 -4.041006475440109
155 -4.1344013162036335
156 -4.119914690570825
157 -4.089287363030872
158 -4.152184166014799
159 -4.152506917833345
160 -4.211824301218215
160 [0.398769 0.340608 1.545679] test
161 -4.288606800259092
162 -4.197158615387637
163 -4.21893105873666
164 -4.301143708362971
165 -4.347106136066807
166 -4.35082731797555
167 -4.412583072689201
168 -4.369743414652206
169 -4.546364141960179
170 -4.340592559580122
170 [0.406893 0.338292 1.544664] test
171 -4.455259789762346
172 -4.398274996762198
173 -4.4731920462260915
174 -4.4038674804606295
175 -4.5868779023063215
176 -4.511132033413006
177 -4.548355269554199
178 -4.653786730011351
179 -4.533564761694778
180 -4.605605552363908
180 [0.40481  0.34137  1.537442] test
181 -4.6290857482116765
182 -4.664152046499052
183 -4.611965533609387
184 -4.643067346623889
185 -4.749029908650314
186 -4.745111454638116
187 -4.721233458574365
188 -4.798563080667437
189 -4.796881752632897
190 -4.875154231550561
190 [0.402897 0.340172 1.539632] test
191 -4.7799393423874985
192 -4.657768774424406
193 -4.775980662548895
194 -4.862682928345891
195 -4.9129320267915455
196 -4.856751330132332
197 -4.797020630348219
198 -4.8861363608419035
199 -4.944788142926445
200 -4.986661232414809
200 [0.408039 0.340628 1.54266 ] test
201 -4.946688003718016
202 -4.918348317224814
203 -5.080569827444323
204 -5.046575403779382
205 -5.039216463158523
206 -5.001551059572628
207 -4.923036710100968
208 -5.1851762459971535
209 -4.977206300059162
210 -5.238768692217794
210 [0.414561 0.339318 1.536919] test
211 -5.0454137222848745
212 -5.1959949635590235
213 -5.138441677924699
214 -5.110438129196039
215 -5.269594363133262
216 -5.2202522970974155
217 -5.203783591931679
218 -5.2333550919985905
219 -5.292968031700793
220 -5.271362777691928
220 [0.409736 0.339933 1.539834] test
221 -5.339835382594892
222 -5.1803153541525555
223 -5.24491054069876
224 -5.429972267379817
225 -5.34158165644449
226 -5.367754070751068
227 -5.331021961219604
228 -5.350523353516228
229 -5.448193389286112
230 -5.457977269662585
230 [0.419441 0.339762 1.536321] test
231 -5.4148848750305785
232 -5.396638981088306
233 -5.378598373901029
234 -5.454278206727038
235 -5.424639122446711
236 -5.369199107827969
237 -5.45616049726713
238 -5.52751347298974
239 -5.42113061885915
240 -5.523557367170437
240 [0.406256 0.340995 1.53978 ] test
241 -5.59901213963525
242 -5.560116567359351
243 -5.542199563067836
244 -5.508237118933593
245 -5.426847726507383
246 -5.456782201459222
247 -5.474907948534486
248 -5.631879890942081
249 -5.5509678611834765
250 -5.688368784828918
250 [0.412904 0.339658 1.542332] test
251 -5.609366139548292
252 -5.734746739359402
253 -5.678182386927688
254 -5.593732883431496
255 -5.553955207582156
256 -5.707183968615844
257 -5.740203874634566
258 -5.713468990901899
259 -5.7658171193653285
260 -5.71562961475063
260 [0.408199 0.340126 1.536353] test
261 -5.768231527415618
262 -5.696033502640669
263 -5.746727656198909
264 -5.851731924008966
265 -5.841711182881153
266 -5.669395093241204
267 -5.832132144644759
268 -5.809420991257305
269 -5.908839610649724
270 -5.833367096485813
270 [0.404753 0.341257 1.53788 ] test
271 -5.885383082247183
272 -5.725154822983067
273 -5.872624615921509
274 -5.91287694248721
275 -5.862908800107644
276 -5.824700831730883
277 -5.797335859318885
278 -5.891179043088961
279 -5.851178963317357
280 -5.900128150101911
280 [0.407662 0.34194  1.538162] test
281 -5.833170123821432
282 -5.95433568493913
283 -5.906990187435615
284 -6.059138769464349
285 -6.037051261331616
286 -5.973449170603102
287 -6.110716152759042
288 -6.0135452755003955
289 -5.989098666218396
290 -5.949331171899049
290 [0.404887 0.341053 1.542158] test
291 -5.964403214878939
292 -5.983690648842537
293 -6.036307515126193
294 -6.145075149974837
295 -6.084474318677811
296 -6.171486479792246
297 -6.098707897050565
298 -6.267303969850353
299 -6.216046462399464
300 -6.184868602682401
300 [0.401727 0.341268 1.537766] test
301 -6.04738682240315
302 -6.1797116852516325
303 -6.262432035719772
304 -6.190485234249764
305 -6.06519537494279
306 -6.1881168956677275
307 -6.218133810769817
308 -6.179416949843781
309 -6.282204806730474
310 -6.207201619941806
310 [0.408287 0.340703 1.541248] test
311 -6.2603875672994675
312 -6.168449411752014
313 -6.036953139083761
314 -6.280740831386747
315 -6.255843761958958
316 -6.2727661984843275
317 -6.1819577533380095
318 -6.318539279349859
319 -6.311516809363344
320 -6.257607377519986
320 [0.402373 0.341624 1.537024] test
321 -6.25396337281931
322 -6.272715900021771
323 -6.371842563683362
324 -6.346369140686411
325 -6.313445921823175
326 -6.341698901932151
327 -6.407463736273636
328 -6.411201767614559
329 -6.369942821089096
330 -6.431665165667554
330 [0.401693 0.343566 1.538928] test
331 -6.5149980675767925
332 -6.509552578906519
333 -6.333332116338632
334 -6.489723933041616
335 -6.523189488105365
336 -6.4398199329781844
337 -6.601474498961351
338 -6.501756921256881
339 -6.379239729706656
340 -6.38053327407257
340 [0.394024 0.34117  1.535964] test
341 -6.3947469193415705
342 -6.49318976093013
343 -6.513941044985409
344 -6.604295363429034
345 -6.491310598206944
346 -6.546306254399397
347 -6.490843275267179
348 -6.589529597240124
349 -6.478259209026695
350 -6.618373706278186
350 [0.406834 0.340823 1.541947] test
351 -6.3872700286799295
352 -6.61700580320802
353 -6.516408950216879
354 -6.56826468923936
355 -6.647165029234869
356 -6.774350389112669
357 -6.423738763197856
358 -6.6022235597483165
359 -6.656634287930847
360 -6.561907979497476
360 [0.40461  0.34068  1.537693] test
361 -6.642506099202919
362 -6.608820173104268
363 -6.751542904593952
364 -6.662426575444654
365 -6.673631306432898
366 -6.694355656166291
367 -6.7231424751966
368 -6.672665139517281
369 -6.5911761998575376
370 -6.642821844417962
370 [0.394112 0.341718 1.537279] test
371 -6.7700902268991285
372 -6.7712769982135255
373 -6.680913252295823
374 -6.6392645956136205
375 -6.5565555665244775
376 -6.712600871642037
377 -6.79115631726557
378 -6.748342400907078
379 -6.809814670825739
380 -6.484765457399698
380 [0.403158 0.341797 1.539377] test
381 -6.72086778108318
382 -6.7692113702928
383 -6.826486914223204
384 -6.819577835364092
385 -6.754180630400745
386 -6.874531998841771
387 -6.870876566042485
388 -6.778438118012967
389 -6.742779535384913
390 -6.632505898159205
390 [0.393172 0.340652 1.535692] test
391 -6.895756960582669
392 -6.864596370677342
393 -6.794999993096901
394 -7.049966561041356
395 -6.71249337024856
396 -7.059406771708319
397 -7.042534381852087
398 -6.929560154687563
399 -6.9733562540442104
400 -6.9897151675669456
400 [0.401168 0.342371 1.534729] test
401 -6.907748850677743
402 -6.776888675672263
403 -6.978495193965574
404 -7.003962639044317
405 -6.912080252029759
406 -6.979850700353477
407 -6.929236622885656
408 -7.031283291121572
409 -6.9983100423097016
410 -6.995072295944651
410 [0.408246 0.341303 1.534653] test
411 -7.04379376079809
412 -7.04838580307919
413 -6.984767197682359
414 -6.993563882874337
415 -7.081061359315431
416 -6.965840233634851
417 -7.023350070602536
418 -7.038623920677308
419 -7.015873388506089
420 -7.156052626567813
420 [0.401561 0.341387 1.536453] test
421 -7.115028206571339
422 -6.993652598316461
423 -7.013026180977779
424 -7.097441793483324
425 -7.015326229368597
426 -7.157713242429194
427 -7.120985997228674
428 -7.196756733985629
429 -7.0945439094830425
430 -6.880805658528617
430 [0.405872 0.342088 1.538934] test
431 -7.137045678251207
432 -7.000415193604938
433 -6.9176363167240424
434 -7.128558513375618
435 -7.127371990441842
436 -7.15721906498878
437 -7.016798778386944
438 -7.097848321458209
439 -7.042592720781377
440 -7.13273049467762
440 [0.39882  0.34229  1.536026] test
441 -7.259469640895087
442 -7.178361766121443
443 -7.24718460760075
444 -7.158528999254432
445 -7.175210781762293
446 -7.16776958829936
447 -7.303381014079451
448 -7.035753319001869
449 -7.045369467239163
450 -7.1735539789726595
450 [0.395775 0.342268 1.529146] test
451 -7.231429422991311
452 -7.223209378660937
453 -7.060737587117979
454 -7.145192251904046
455 -6.900591912507747
456 -7.233046653766476
457 -7.279738957965485
458 -7.3166382207959435
459 -7.257211053015835
460 -6.91429025918154
460 [0.398061 0.341489 1.525878] test
461 -7.230296874229903
462 -7.0342327341229955
463 -7.2661995527996455
464 -7.204394650266685
465 -7.230747795480365
466 -7.2751825438665
467 -7.219453763373199
468 -7.355029309732691
469 -7.3252504244831975
470 -7.290522246725641
470 [0.410945 0.3409   1.531095] test
471 -7.342796534418725
472 -7.401018494180265
473 -7.384410174968561
474 -7.25725027543973
475 -7.239013686480136
476 -7.25278292028207
477 -7.198693776560854
478 -7.384773686203897
479 -7.414358895207737
480 -7.362447690099404
480 [0.403619 0.342625 1.532874] test
481 -7.186175123743047
482 -7.3375169325110114
483 -7.214357560097598
484 -7.3355494255934355
485 -7.336630670978773
486 -7.465430507091526
487 -7.318651695242443
488 -7.179537917242967
489 -7.480732957917334
490 -7.537173180990084
490 [0.40183  0.342198 1.53268 ] test
491 -7.254040764128686
492 -7.127177753876687
493 -7.398588370375391
494 -7.415529647691738
495 -7.488735364215458
496 -7.4511427072989385
497 -7.41023794681986
498 -7.443266999764284
499 -7.448210854568858
500 -7.507793769307218
500 [0.404616 0.342761 1.5343  ] test
501 -7.428819499621927
502 -7.264088726583141
503 -7.303069600613393
504 -7.458596426487466
505 -7.533478687021476
506 -7.300849633712196
507 -7.475576555244801
508 -7.480953854787802
509 -7.4783567726685956
510 -7.545026747858831
510 [0.414933 0.342976 1.531397] test
511 -7.418999141076371
512 -7.411229163023832
513 -7.471455362574969
514 -7.411727455355136
515 -7.5666435034044435
516 -7.60217981154163
517 -7.5074887774946895
518 -7.498359582573275
519 -7.446668547640245
520 -7.6210821003234255
520 [0.398147 0.341984 1.528855] test
521 -7.610237771276601
522 -7.52989430172109
523 -7.6049314445514
524 -7.618377338809088
525 -7.537565452884781
526 -7.700592559213852
527 -7.467500710008564
528 -7.503698568866335
529 -7.465473345053348
530 -7.623016511497235
530 [0.416057 0.339572 1.531255] test
531 -7.620142197658336
532 -7.341927879954925
533 -7.584505056481916
534 -7.423119870051211
535 -7.565921924846268
536 -7.741888578328142
537 -7.750522917155751
538 -7.61312413319148
539 -7.651599865127524
540 -7.6267499315197655
540 [0.403065 0.343273 1.528475] test
541 -7.53476833888729
542 -7.608762979442612
543 -7.8149484339204225
544 -7.644576426446196
545 -7.71854617665211
546 -7.670566956591669
547 -7.62391684421774
548 -7.583642683011653
549 -7.741882743683794
550 -7.686263530062735
550 [0.397544 0.343722 1.537713] test
551 -7.64227652837119
552 -7.795664011531608
553 -7.792126416199634
554 -7.6675762259618505
555 -7.60769401139629
556 -7.589273624657735
557 -7.654487158461209
558 -7.737090936186513
559 -7.689599807156498
560 -7.617329375060988
560 [0.39266  0.342462 1.534847] test
561 -7.662961631462898
562 -7.593740299098799
563 -7.666928667157307
564 -7.433781977972805
565 -7.82498955153412
566 -7.719516137198637
567 -7.765501913238392
568 -7.887184248033794
569 -7.850765154249196
570 -7.787717590973597
570 [0.405003 0.343527 1.534654] test
571 -7.852090804120957
572 -7.704784513912836
573 -7.4938443899375775
574 -7.61664162552581
575 -7.746802846350403
576 -7.916796790855873
577 -7.768054259947648
578 -7.785622055775458
579 -7.882064053864808
580 -7.907666777010499
580 [0.408917 0.34153  1.533107] test
581 -7.873531495916962
582 -7.895062978863528
583 -7.907836899804687
584 -7.812539077714127
585 -7.8927123126673795
586 -7.816748576784399
587 -7.815411158299072
588 -8.001474654042147
589 -7.9004215026558295
590 -7.902096466451506
590 [0.395929 0.342424 1.530856] test
591 -7.941822549692318
592 -7.773941259866536
593 -7.788967673445593
594 -7.768318283249854
595 -7.827568941452042
596 -7.892049129884993
597 -7.732145094620512
598 -7.709478866860779
599 -7.984167636573086
600 -7.6709722195532555
600 [0.399576 0.34268  1.531469] test
601 -7.936875124790363
602 -7.92453813962864
603 -7.660157059931365
604 -7.760797929752813
605 -8.069946931657162
606 -8.048061494582182
607 -7.937197006009767
608 -7.937987142710818
609 -7.948204453879389
610 -7.839171151258545
610 [0.407507 0.342248 1.531621] test
611 -7.873506484462057
612 -7.699075395121669
613 -7.925818945589748
614 -8.106552260666662
615 -7.9723741613612225
616 -7.888930702340013
617 -7.883293059517647
618 -7.870003274935416
619 -7.872454961958669
620 -8.091756068853208
620 [0.406931 0.343901 1.530821] test
621 -8.056227030590463
622 -7.902309982584823
623 -8.073709360641887
624 -8.09646020414783
625 -8.057808994944505
626 -8.154597412967423
627 -7.822217844961555
628 -8.128005752851069
629 -8.101047080816565
630 -7.939868079954697
630 [0.407873 0.342875 1.536307] test
631 -8.153273999408151
632 -8.233279575426668
633 -7.979696589637674
634 -8.140391438063
635 -8.115565558729601
636 -8.126850979991344
637 -8.028353818154644
638 -8.167210187355304
639 -7.929070587603498
640 -8.04202081469077
640 [0.403837 0.342639 1.537071] test
641 -8.294619637753728
642 -8.14665949656891
643 -7.991415373912299
644 -8.159437094296583
645 -7.794951255898083
646 -8.170244993605001
647 -8.259876808505807
648 -8.072958818834634
649 -8.205415647997453
650 -8.15861909985186
650 [0.404509 0.343438 1.536532] test
651 -8.253922499074097
652 -8.092864286913025
653 -7.97959058644301
654 -8.056163873805243
655 -8.283926556453087
656 -7.938003556279672
657 -8.146292338553376
658 -8.141084082697171
659 -8.24097078388605
660 -8.167455320217256
660 [0.404745 0.342158 1.532424] test
661 -8.144685626872896
662 -8.28152967446772
663 -8.054545724353105
664 -8.317844078086056
665 -8.031873243907492
666 -8.118302633173558
667 -8.105482401195141
668 -8.153869989399919
669 -8.197737828179088
670 -8.433272908845336
670 [0.402182 0.342915 1.538298] test
671 -8.342169597276364
672 -8.402426005584983
673 -8.155106396920829
674 -8.045343048538596
675 -8.298824758869722
676 -8.345707219295752
677 -8.117551096555623
678 -8.2518554454171
679 -8.075533171692102
680 -8.276466131528828
680 [0.399109 0.342254 1.533436] test
681 -8.253431846543572
682 -8.222808460234404
683 -8.133266337016254
684 -8.432845280399068
685 -8.37565273213371
686 -8.126346602352836
687 -8.209731170335024
688 -8.203377452300318
689 -8.28984216985889
690 -7.971025823307067
690 [0.39868  0.340925 1.53531 ] test
691 -8.175390168494301
692 -8.372702082699352
693 -8.404220194424047
694 -8.13217452358955
695 -8.267896138043593
696 -8.427813181208736
697 -8.376091406599668
698 -8.246086618980025
699 -8.324352469104943
700 -8.41083491362684
700 [0.399404 0.340768 1.533439] test
701 -8.014994405029602
702 -8.451779384813586
703 -8.3020542087284
704 -8.279975146247796
705 -8.276451167136177
706 -8.187374865199361
707 -8.131783292961897
708 -8.32459080859897
709 -8.440247681507495
710 -8.373876142545493
710 [0.401021 0.343473 1.537674] test
711 -8.438597552782156
712 -8.392026725156057
713 -8.281849434494703
714 -8.2365576207089
715 -8.47311452295958
716 -8.103642592869514
717 -8.091585971218604
718 -8.154446069798492
719 -8.028579748881583
720 -8.289970179039535
720 [0.393524 0.340423 1.536076] test
721 -8.196504162058199
722 -8.524209946651071
723 -8.416295225189144
724 -8.299735125012594
725 -8.358661531394553
726 -8.378718071497714
727 -8.422691438773908
728 -8.566482469741938
729 -8.500264204452032
730 -8.542747263506444
730 [0.401614 0.340915 1.534045] test
731 -8.441535723223724
732 -8.354411159432352
733 -8.44677802548958
734 -8.051901260479758
735 -8.48592723991922
736 -8.302759384602222
737 -8.275743601427664
738 -8.058874555960317
739 -8.407281042226014
740 -8.596298810052618
740 [0.404577 0.343294 1.535314] test
741 -8.440625699756762
742 -8.649871803976213
743 -8.657690501996088
744 -8.511419644065448
745 -8.468051454221568
746 -8.296217638676685
747 -8.453132738487199
748 -8.452578463091047
749 -8.308238573142676
750 -8.299721711326352
750 [0.406377 0.341718 1.536402] test
751 -8.493861691460863
752 -8.349757686751007
753 -8.497807502990943
754 -8.547582520382841
755 -8.304437272342696
756 -8.531479822147976
757 -8.593837594016978
758 -8.41300062677571
759 -8.246233252044284
760 -8.626142990452836
760 [0.41146  0.343368 1.53648 ] test
761 -8.301791316418353
762 -8.549810252589342
763 -8.312231144608681
764 -8.709252828033222
765 -8.638399131614559
766 -8.326604146924575
767 -8.592356140953633
768 -8.633941936990292
769 -8.535317508765955
770 -8.488477428255713
770 [0.407442 0.341594 1.537633] test
771 -8.663223040930003
772 -8.422559393979121
773 -8.545903238252626
774 -8.53144514801319
775 -8.469061823156494
776 -8.509647505174033
777 -8.629702396126177
778 -8.522640301230906
779 -8.66983524317217
780 -8.605229819160712
780 [0.404483 0.342314 1.539485] test
781 -8.766347781589213
782 -8.666790037176764
783 -8.450443676994302
784 -8.478028197955297
785 -8.540151019258335
786 -8.36132947823615
787 -8.555311269895931
788 -8.637954607012043
789 -8.361208747530775
790 -8.528304778563044
790 [0.406473 0.341208 1.538805] test
791 -8.608602793612569
792 -8.589784051242937
793 -8.576656385471953
794 -8.575590361429438
795 -8.769871791034673
796 -8.771654145424797
797 -8.540508792774155
798 -8.692324616385141
799 -8.683306610424566
800 -8.455659547114486
800 [0.398821 0.341939 1.540987] test
801 -8.6168612890748
802 -8.493779151296659
803 -8.694171708233394
804 -8.34403046037481
805 -8.780439105624517
806 -8.76845920979968
807 -8.711217371386192
808 -8.865037622397569
809 -8.522264672687214
810 -8.616893491312476
810 [0.397932 0.34312  1.539228] test
811 -8.759327255755041
812 -8.78943539175201
813 -8.204494741308753
814 -8.64380338120631
815 -8.714024812823277
816 -8.564134692875255
817 -8.712755295582673
818 -8.66751247128715
819 -8.79963500245552
820 -8.809856975984342
820 [0.399558 0.341767 1.545479] test
821 -8.900285782470927
822 -8.537687083117778
823 -8.663748873920552
824 -8.766394269113997
825 -8.804642830759843
826 -8.590133571032975
827 -8.486088501451576
828 -8.760379181763454
829 -8.574319352965837
830 -8.73999849183
830 [0.402717 0.341558 1.536948] test
831 -8.596253659836535
832 -8.647834910704852
833 -8.66394076482572
834 -8.89530214205875
835 -8.281389286993592
836 -8.494426765941416
837 -8.716463770798635
838 -8.627563457109497
839 -8.615226071669595
840 -8.858964757969677
840 [0.40362  0.342749 1.540705] test
841 -8.696501948240478
842 -8.80529112629479
843 -8.761896813832324
844 -8.734342449634205
845 -8.813140140540526
846 -8.442544145977799
847 -8.892016867537919
848 -8.962826387903355
849 -8.871620369601207
850 -8.674064563579787
850 [0.403553 0.340707 1.539621] test
851 -8.724101591877332
852 -8.867345015976987
853 -8.925407851196063
854 -8.915332982850085
855 -8.666742592733247
856 -8.968383233220507
857 -8.781855748451436
858 -8.775092596830463
859 -8.718874038133382
860 -8.463058888925973
860 [0.394211 0.341488 1.540221] test
861 -8.812615849682789
862 -8.864249160966372
863 -8.91611769734049
864 -8.539648699845307
865 -8.815582717034006
866 -8.531490787068574
867 -8.896729037626073
868 -8.965095770508263
869 -8.957553473921525
870 -8.57487725593129
870 [0.406878 0.34415  1.538307] test
871 -8.600232436035864
872 -8.795769280128612
873 -8.78925177511609
874 -8.715969319863458
875 -9.012116133153176
876 -8.60888408004575
877 -8.787800421534918
878 -8.936320223351304
879 -8.949165025052885
880 -8.55355412112811
880 [0.400249 0.34484  1.541491] test
881 -8.871847268745027
882 -8.485622483536122
883 -8.478093027406972
884 -8.882672762103404
885 -8.665754688720027
886 -8.826288668140219
887 -8.878549219562649
888 -8.830865718091513
889 -8.970940739029377
890 -9.296622308948585
890 [0.402162 0.343469 1.539717] test
891 -9.059519179758473
892 -8.827068697966233
893 -8.728997190975594
894 -9.002259541443786
895 -9.119600784981879
896 -8.868431931642702
897 -8.823736037619971
898 -9.1169101751325
899 -9.101518543240376
900 -8.837246583121116
900 [0.396087 0.343438 1.541933] test
901 -8.944522841135614
902 -8.993140871300268
903 -8.88985047540611
904 -8.66661369009017
905 -9.034576372369129
906 -9.066118966272647
907 -8.937176715929217
908 -8.876397231451401
909 -8.92965347204309
910 -9.059237167102587
910 [0.38938  0.342064 1.542218] test
911 -9.009019705138147
912 -8.938590804301898
913 -9.130233208962268
914 -9.162666175741178
915 -8.811389549919824
916 -8.762100546832261
917 -9.112837842048087
918 -8.866433061161699
919 -8.929312439775327
920 -9.014316690851391
920 [0.385502 0.341925 1.540657] test
921 -8.872604070706593
922 -8.981160265090658
923 -9.025896058856537
924 -8.980266177250266
925 -8.942750031411858
926 -9.105717220865548
927 -8.939747054093775
928 -8.998286083872257
929 -9.000166436281392
930 -8.655027193055687
930 [0.40507  0.341543 1.540959] test
931 -8.836657085435204
932 -8.971611878834336
933 -8.713841989266843
934 -8.71931061786678
935 -8.592147431304573
936 -8.679844933236252
937 -9.031962032631665
938 -9.024761693747518
939 -9.016919416363775
940 -8.977194290977554
940 [0.384058 0.34451  1.539493] test
941 -8.767340475323588
942 -8.957227340671796
943 -8.923968490963471
944 -9.001233542675147
945 -9.069817201875416
946 -9.022851968829952
947 -9.083952964692916
948 -9.108513182139106
949 -8.953739632780207
950 -8.986091098924396
950 [0.400907 0.34291  1.5403  ] test
951 -8.893992749307754
952 -9.098477686641301
953 -9.219202614417116
954 -9.016277738610752
955 -9.229924783949498
956 -9.096986159222537
957 -9.15961214639108
958 -9.07512990960642
959 -9.072328876617908
960 -8.829069150048642
960 [0.399301 0.343924 1.538498] test
961 -8.791949746330632
962 -8.909288194402185
963 -9.08973811585159
964 -9.03387534784237
965 -9.056026570407006
966 -9.318397448056706
967 -9.212101768652499
968 -8.999878744460917
969 -9.187716133698235
970 -8.947533420269206
970 [0.397164 0.341908 1.541689] test
971 -8.990038063906242
972 -9.183764914147794
973 -9.162428454423592
974 -9.002977031814117
975 -8.80797384116932
976 -9.08223575983317
977 -8.98342907533347
978 -8.909599472622597
979 -8.89706292495432
980 -9.18511048049922
980 [0.403895 0.341258 1.541458] test
981 -9.184531615326849
982 -8.818701167682965
983 -9.133688652638092
984 -9.050283934769231
985 -9.227460490744221
986 -8.82479403679776
987 -9.142828619395805
988 -8.583544302174577
989 -9.134851660807126
990 -9.247616438110027
990 [0.40318  0.342754 1.541908] test
991 -9.081563574398624
992 -9.260032133171878
993 -8.950901333552661
994 -9.10510362620174
995 -9.276686942992864
996 -9.196121507795057
997 -9.255086328206103
998 -9.204029392086287
999 -9.08954107683933
1000 -9.179525399952661
1000 [0.40316  0.34406  1.540299] test
1001 -8.844466900056323
1002 -9.211519524773998
1003 -8.862387003175181
1004 -9.130230832693938
1005 -9.17184410285379
1006 -9.159883220642241
1007 -9.301443368033276
1008 -9.128868485724416
1009 -9.099633192657091
1010 -9.308306799610436
1010 [0.397273 0.344676 1.54126 ] test
1011 -9.211075388811864
1012 -9.28831587272067
1013 -9.330966678567219
1014 -9.306239199501299
1015 -9.145312537463601
1016 -9.42184966313322
1017 -9.062975360209897
1018 -9.103693635899793
1019 -9.219732097715912
1020 -9.085640828633604
1020 [0.394447 0.343201 1.541847] test
1021 -8.567559769102044
1022 -9.187446284709596
1023 -9.231333697416451
1024 -9.180842853169246
1025 -9.17341612975718
1026 -9.31743055664057
1027 -8.696132630595859
1028 -8.712853544768981
1029 -9.250745426943336
1030 -9.238125931827645
1030 [0.407312 0.344256 1.539036] test
1031 -9.253472897920194
1032 -9.154076963718497
1033 -9.347557270811597
1034 -9.233284680999251
1035 -9.037137269484255
1036 -9.253305590334191
1037 -9.273429358386846
1038 -8.973355073215847
1039 -9.346183334369545
1040 -9.3208285367454
1040 [0.397498 0.343663 1.541164] test
1041 -9.127067301553693
1042 -9.29542716681456
1043 -9.246237267946361
1044 -9.39661815415449
1045 -9.355115955256064
1046 -9.219034241387178
1047 -9.24045123824917
1048 -9.370285645705911
1049 -9.308713665329945
1050 -9.040495459849298
1050 [0.397266 0.344029 1.543714] test
1051 -9.233640409504982
1052 -9.104855775470385
1053 -9.17481166975263
1054 -9.262983432972963
1055 -9.204113008350994
1056 -9.41284945657283
1057 -9.279967490177688
1058 -9.337439343149406
1059 -9.332309447344254
1060 -9.352748139866698
1060 [0.394943 0.341612 1.54194 ] test
1061 -9.257561739831628
1062 -9.347255283823554
1063 -9.272941189061884
1064 -9.321504601679328
1065 -9.294215141920217
1066 -9.334901157812906
1067 -9.250098869027862
1068 -9.135634765499201
1069 -9.195484787469713
1070 -9.447544637657435
1070 [0.391046 0.343313 1.5385  ] test
1071 -9.067317647124181
1072 -9.278552459068159
1073 -9.357312163448634
1074 -9.453932958316807
1075 -9.34396647204596
1076 -9.184247622223387
1077 -9.432359508252834
1078 -9.160512179476507
1079 -9.222142283410978
1080 -8.993239048049107
1080 [0.410715 0.34268  1.543351] test
1081 -9.161008593649635
1082 -9.02064763549161
1083 -9.354419551047572
1084 -9.204318619306644
1085 -9.346074219363954
1086 -9.279122823694681
1087 -9.21871475180336
1088 -9.236385815326555
1089 -9.012358476134587
1090 -9.147260678025976
1090 [0.37896  0.344607 1.542371] test
1091 -9.33739540768383
1092 -9.247855939214306
1093 -9.05424724744339
1094 -9.268045491441624
1095 -9.376875757326912
1096 -9.424299540960444
1097 -9.515599255568825
1098 -9.51968335356042
1099 -9.345523311859356
1100 -8.985633803961862
1100 [0.390571 0.343478 1.545134] test
1101 -9.191582111362521
1102 -9.19931156527813
1103 -9.046151983531665
1104 -9.257826818167727
1105 -9.22031425315141
1106 -9.338611288499264
1107 -9.35664233208383
1108 -9.28349895462168
1109 -9.231947954871789
1110 -9.573172100895588
1110 [0.399463 0.343916 1.538412] test
1111 -9.38104143685731
1112 -9.35073419458441
1113 -9.46399760562383
1114 -9.003094813230524
1115 -9.10070231826537
1116 -9.478699503006668
1117 -9.553539576001619
1118 -9.46810884800329
1119 -9.487864928826891
1120 -9.36798757909759
1120 [0.392167 0.341905 1.545447] test
1121 -9.300480917606802
1122 -9.493529154439358
1123 -9.191828921887918
1124 -9.499367050951966
1125 -9.695562927379592
1126 -9.363208030400049
1127 -9.076487991146584
1128 -9.293443702089286
1129 -9.573765603676478
1130 -9.59875815015582
1130 [0.399449 0.342453 1.542625] test
1131 -9.331761441028545
1132 -9.029606502544887
1133 -9.504772847312026
1134 -9.363193507317787
1135 -9.484674090357117
1136 -9.391464454695843
1137 -9.343830581423548
1138 -9.37022833590654
1139 -9.197889623907658
1140 -9.23127575995852
1140 [0.38729  0.343008 1.545639] test
1141 -9.137729997639106
1142 -9.460746225780978
1143 -9.476940547616815
1144 -9.53952668828295
1145 -9.503352358026246
1146 -9.444501153282433
1147 -9.409172879193386
1148 -9.336211611141827
1149 -9.275511914606922
1150 -9.508781738604755
1150 [0.401199 0.341264 1.544206] test
1151 -9.556504328006728
1152 -9.40998445362884
1153 -9.676668059007678
1154 -9.47324848003451
1155 -9.433669377859822
1156 -9.316070561205526
1157 -9.530155424160224
1158 -9.38380995635448
1159 -9.615396740456148
1160 -9.552511991054605
1160 [0.395012 0.342779 1.543572] test
1161 -9.499154866725991
1162 -9.230248183500684
1163 -9.42389127518279
1164 -9.769941605730905
1165 -9.580662671182585
1166 -8.85427853328611
1167 -9.419697670214804
1168 -9.656211064418054
1169 -9.580404208547852
1170 -9.77265151982659
1170 [0.385182 0.341472 1.543465] test
1171 -9.438395075168039
1172 -9.471200315601703
1173 -9.26001161003313
1174 -9.379464481505169
1175 -9.444916715291324
1176 -9.595758437953727
1177 -9.307212216511012
1178 -9.285424631469064
1179 -9.269248272401828
1180 -9.341912621944397
1180 [0.395353 0.345361 1.540725] test
1181 -9.455178295263895
1182 -9.524322797928683
1183 -9.524001837566328
1184 -9.590300919530172
1185 -9.24347897752122
1186 -9.531213612213337
1187 -9.097123151274186
1188 -9.56935221059694
1189 -9.567412664982308
1190 -9.560783103195016
1190 [0.40188  0.345087 1.546741] test
1191 -9.522481635299508
1192 -9.47319000037081
1193 -9.49386588623151
1194 -9.335814474734368
1195 -9.474367323355587
1196 -9.30836965455638
1197 -9.378980303853597
1198 -9.182919262342507
1199 -9.626658117936604
1200 -9.237820272032017
1200 [0.40602  0.343849 1.546288] test
1201 -9.212759421555557
1202 -9.535493736013034
1203 -9.724584895538657
1204 -9.460697799734454
1205 -9.694322913882155
1206 -9.403886936486666
1207 -9.719971053536936
1208 -9.62451063439859
1209 -9.461108735447462
1210 -9.551050315635628
1210 [0.398116 0.343571 1.546704] test
1211 -9.159538126042994
1212 -9.582306511440787
1213 -9.487590209000308
1214 -9.739024561791082
1215 -9.4917148623225
1216 -9.654266802522487
1217 -9.283044322584875
1218 -9.492656972424927
1219 -9.146152757879552
1220 -9.4787492490836
1220 [0.386345 0.343764 1.542146] test
1221 -9.623343381037733
1222 -9.745257815241663
1223 -9.459984014282147
1224 -9.489287742701936
1225 -9.579137467340308
1226 -9.602974190014942
1227 -9.177399942069115
1228 -9.1490214033226
1229 -9.59949997897391
1230 -9.60974357680597
1230 [0.393797 0.340929 1.540731] test
1231 -9.824798285619835
1232 -9.693833951906813
1233 -9.373479716436515
1234 -9.781867373438368
1235 -9.438100956553058
1236 -9.496714669918159
1237 -9.415918480127186
1238 -9.665039276489649
1239 -9.580693384569932
1240 -9.587533635130667
1240 [0.390585 0.342841 1.544124] test
1241 -9.045702134184138
1242 -9.491582555029948
1243 -9.662238055474766
1244 -9.360112242187887
1245 -9.446147753011072
1246 -9.845777206212926
1247 -9.695362086217092
1248 -9.417239400998632
1249 -9.707539925077855
1250 -9.614729902244424
1250 [0.389714 0.34376  1.545598] test
1251 -9.464103598586771
1252 -9.612228391965106
1253 -9.096754369256356
1254 -9.510483125800139
1255 -9.407016517307934
1256 -9.550692569666857
1257 -9.775003266893583
1258 -9.453746611361824
1259 -9.428036520318459
1260 -9.532855379351805
1260 [0.393171 0.344029 1.540098] test
1261 -9.624577201696873
1262 -9.497816731647408
1263 -9.43340724880285
1264 -9.761875795021068
1265 -9.592172557189578
1266 -9.420087200215168
1267 -9.537499327221415
1268 -9.743568721567495
1269 -9.672083011745064
1270 -9.573776398251905
1270 [0.390011 0.34345  1.543894] test
1271 -9.232672973150278
1272 -9.597771467413132
1273 -9.6246530565264
1274 -9.493271694537576
1275 -9.345461896266203
1276 -9.499067299757144
1277 -9.284982454101776
1278 -9.839848393664166
1279 -9.52399034150797
1280 -9.658389162583381
1280 [0.391098 0.341723 1.544655] test
1281 -9.697917161613601
1282 -9.786887595549933
1283 -9.693744257478736
1284 -9.65003601828878
1285 -9.625990416025937
1286 -9.656483098082692
1287 -9.828114182927193
1288 -9.488306146311036
1289 -9.624718652538636
1290 -9.663460806979895
1290 [0.391208 0.343826 1.5439  ] test
1291 -9.525931539774763
1292 -9.47854523719683
1293 -9.62775159337239
1294 -9.672618521656643
1295 -9.862485229234311
1296 -9.841728154617336
1297 -9.185017758951583
1298 -9.695283544352854
1299 -9.553502410371014
1300 -9.828722822756347
1300 [0.39554  0.344029 1.548732] test
1301 -9.858894565271305
1302 -9.868459871499105
1303 -9.89025888258642
1304 -9.961342025909225
1305 -9.641068022230842
1306 -9.770793302361607
1307 -9.866389824970446
1308 -9.835568906043948
1309 -9.514143376141865
1310 -9.671480139547398
1310 [0.393984 0.342051 1.541074] test
1311 -9.58974586070199
1312 -9.761484635907603
1313 -9.62453076973539
1314 -9.740935552330715
1315 -9.56155236165063
1316 -9.576326178432195
1317 -9.550192617974595
1318 -9.651583047512378
1319 -10.015823566279764
1320 -9.676510692957248
1320 [0.387213 0.342464 1.543006] test
1321 -9.464262284352067
1322 -9.759375016486105
1323 -9.728153492417212
1324 -9.795073604227474
1325 -9.779075200211455
1326 -9.803270772254836
1327 -9.755052966969927
1328 -9.826371441491347
1329 -9.866226593814323
1330 -9.807153390200712
1330 [0.393313 0.341167 1.543474] test
1331 -9.780515298644103
1332 -9.7207121714303
1333 -9.676400479602353
1334 -9.74193093601559
1335 -9.607743247700698
1336 -9.841848297477918
1337 -9.5351031609244
1338 -9.512939564115575
1339 -9.165753328480525
1340 -9.564982807252743
1340 [0.396969 0.342441 1.544504] test
1341 -9.874718983395361
1342 -9.580790751816474
1343 -9.907306266109176
1344 -9.748798242830725
1345 -9.57116689933708
1346 -9.513506206673505
1347 -9.607369896482572
1348 -9.7987160228029
1349 -9.789851028992283
1350 -9.632141277261411
1350 [0.390645 0.342271 1.548143] test
1351 -9.490786640720922
1352 -9.618706220181489
1353 -9.584885014330137
1354 -9.496903879510581
1355 -9.504365383365595
1356 -9.786043309956929
1357 -9.635357677365583
1358 -9.679569680530326
1359 -9.673250356664079
1360 -9.7320448279909
1360 [0.394981 0.342214 1.548454] test
1361 -9.816269226164884
1362 -9.520079171015649
1363 -9.828439372483917
1364 -9.595638390850516
1365 -9.774967346816965
1366 -9.886846211761233
1367 -9.732175776365729
1368 -9.658677478773305
1369 -9.771860658493985
1370 -9.80410351165652
1370 [0.40243  0.342438 1.550314] test
1371 -9.215043636531542
1372 -9.66703297745568
1373 -9.695840907798775
1374 -9.550150039850509
1375 -9.52304343765783
1376 -9.494421486562176
1377 -9.781636942071664
1378 -9.553634427663557
1379 -9.880616880956103
1380 -9.683407098173193
1380 [0.388894 0.342661 1.548149] test
1381 -9.795445210995226
1382 -9.918723723359555
1383 -9.672927502934069
1384 -9.728231727196173
1385 -9.532182773886431
1386 -9.945574988778596
1387 -9.699062002869764
1388 -9.881637128780323
1389 -9.793097125673263
1390 -9.62944983848163
1390 [0.392644 0.34204  1.545989] test
1391 -9.847732341276654
1392 -9.851665100029333
1393 -9.768132158066406
1394 -9.845898672827111
1395 -9.613798550904871
1396 -9.659726648925806
1397 -9.960408915120443
1398 -9.762496611255786
1399 -9.921141982406194
1400 -9.961045921800153
1400 [0.395253 0.34337  1.549294] test
1401 -9.78031165070524
1402 -9.494638883037414
1403 -9.938948668546825
1404 -9.718418954502138
1405 -9.852408619133419
1406 -9.732020093830299
1407 -9.957816891472048
1408 -9.75120247439418
1409 -9.771047045477463
1410 -9.89487603243205
1410 [0.386721 0.343442 1.544577] test
1411 -9.879660794496665
1412 -9.722180944734152
1413 -9.982229393343026
1414 -9.81490843891498
1415 -10.072156655315274
1416 -9.84731720723052
1417 -9.91033333805461
1418 -9.915387633343107
1419 -9.999566857822666
1420 -9.533120084452374
1420 [0.401038 0.341106 1.544946] test
1421 -10.03244820575878
1422 -9.887409443473842
1423 -9.674012959867811
1424 -9.938176227954173
1425 -9.627448930837287
1426 -10.056525168193359
1427 -10.111251860342534
1428 -9.76782173627082
1429 -9.789295778500572
1430 -9.897203454672148
1430 [0.390833 0.344325 1.547245] test
1431 -9.918890054040288
1432 -9.730218373515195
1433 -9.877518358097788
1434 -9.79753328792422
1435 -9.833548913152157
1436 -9.678899241025977
1437 -9.604164115217875
1438 -10.032554777709699
1439 -9.367677675861657
1440 -9.262983609557443
1440 [0.388304 0.340016 1.554019] test
1441 -9.461359266048678
1442 -9.8387705372062
1443 -9.017906425942641
1444 -9.749555379602482
1445 -9.962737549399149
1446 -9.48630407861072
1447 -9.598540756975405
1448 -9.660237183234596
1449 -10.011185659145891
1450 -9.077486719611706
1450 [0.390896 0.340799 1.545935] test
1451 -9.030543509191553
1452 -9.666207195322764
1453 -9.867552437495318
1454 -9.704849253226069
1455 -9.806329833296378
1456 -10.031708219487001
1457 -9.676309940973264
1458 -9.901952567519324
1459 -9.895852752192651
1460 -9.82842682574262
1460 [0.390633 0.34233  1.546695] test
1461 -10.123710854779851
1462 -9.776568174108801
1463 -10.028326530301143
1464 -9.45249223739135
1465 -9.782926536746478
1466 -10.264326170909147
1467 -10.07574229889805
1468 -9.892776649063494
1469 -10.027201155519764
1470 -9.735989138873423
1470 [0.388936 0.342582 1.543355] test
1471 -9.829513451089563
1472 -9.858355581139604
1473 -9.665720304789605
1474 -9.663580218335031
1475 -9.978094090219845
1476 -9.764120132033733
1477 -9.561550337648654
1478 -10.231138232501353
1479 -9.933792129445202
1480 -10.123298130579224
1480 [0.398027 0.341985 1.542932] test
1481 -9.968828383187267
1482 -9.574942652244097
1483 -9.76153862766265
1484 -9.10203717440711
1485 -9.593076550501733
1486 -9.786975933816985
1487 -9.754337463330133
1488 -10.04319746774263
1489 -10.088010210127084
1490 -9.956033758043777
1490 [0.398356 0.342412 1.548883] test
1491 -9.842488431084258
1492 -10.019361922084151
1493 -9.836772668124173
1494 -9.862291150429908
1495 -9.842033988791469
1496 -9.871456473696133
1497 -10.205553302210284
1498 -9.508503062527044
1499 -9.922296071541384
1500 -10.006893998486845
1500 [0.40469  0.340157 1.543897] test
1501 -9.835071056994371
1502 -9.911585754343955
1503 -10.155333139691232
1504 -9.83303828621342
1505 -9.792203130479912
1506 -9.891538350389059
1507 -9.968130349617876
1508 -9.859470295519767
1509 -9.884742887051823
1510 -9.975745793865345
1510 [0.409792 0.341444 1.547195] test
1511 -10.014720131972984
1512 -9.938273826131423
1513 -9.729020897025299
1514 -10.099662808253564
1515 -10.078984896778339
1516 -9.848904271612081
1517 -10.109206406207463
1518 -10.077220708099174
1519 -9.880487393291652
1520 -10.017507052783484
1520 [0.404984 0.341874 1.550038] test
1521 -9.914441395546266
1522 -9.921835934181459
1523 -9.630808709712563
1524 -10.13399178449836
1525 -10.269846425274775
1526 -9.919434327704247
1527 -9.69243269526174
1528 -9.606789775210588
1529 -9.984209396654935
1530 -10.08166318246004
1530 [0.384256 0.341086 1.549291] test
1531 -10.055772741292119
1532 -10.085551518606355
1533 -9.967038688495789
1534 -9.886803196495725
1535 -10.052149569020479
1536 -9.840749328650901
1537 -9.862727310060158
1538 -10.349031011670334
1539 -10.05729208359027
1540 -9.995277830212347
1540 [0.40204  0.342251 1.544202] test
1541 -10.035488629777738
1542 -10.012668632711046
1543 -10.062804434401096
1544 -9.757105966940479
1545 -9.917725837743706
1546 -9.88427014257095
1547 -10.076628298214752
1548 -10.136999547964864
1549 -9.902536716733763
1550 -9.847684835105257
1550 [0.395935 0.342694 1.546683] test
1551 -10.086435126354365
1552 -9.73397056335952
1553 -9.7888552486699
1554 -10.10782881662928
1555 -9.632540531903613
1556 -10.061809627908092
1557 -10.365716511747472
1558 -9.94453821571323
1559 -9.888646354434297
1560 -10.105867661971853
1560 [0.383002 0.340267 1.545538] test
1561 -9.9738049316368
1562 -9.843590539296407
1563 -10.331737772522779
1564 -9.278221452297647
1565 -9.720031531463569
1566 -9.823830752647277
1567 -9.553097689421032
1568 -9.965972899827236
1569 -10.018987837282955
1570 -9.403399992601711
1570 [0.401951 0.339855 1.550522] test
1571 -9.766641831632143
1572 -9.944092133313822
1573 -10.10401054189745
1574 -9.995872179031078
1575 -9.767797510449844
1576 -9.871977201224393
1577 -10.260288637641892
1578 -10.005040038858201
1579 -10.212075155709066
1580 -9.995215899126459
1580 [0.391683 0.339316 1.543328] test
1581 -10.101006900219279
1582 -9.734896968832537
1583 -9.720526654742871
1584 -10.218813456543264
1585 -10.145317585339749
1586 -10.201864205199426
1587 -10.177094019947827
1588 -9.996269219096666
1589 -10.053303582216952
1590 -10.190633862465551
1590 [0.404675 0.339812 1.543828] test
1591 -10.233879844075561
1592 -9.907157349834463
1593 -9.920662659315989
1594 -10.18631810640388
1595 -9.971406190277895
1596 -10.192075596421512
1597 -10.110025146432806
1598 -10.00699227541887
1599 -10.07806618905733
1600 -9.939662544799337
1600 [0.405503 0.34286  1.548558] test
1601 -10.171721978146039
1602 -10.004415429508215
1603 -10.012190529859815
1604 -10.109823782437012
1605 -10.418408675155833
1606 -10.16347770531912
1607 -10.176855417256624
1608 -10.155982931016064
1609 -10.21108772577366
1610 -9.948077118936279
1610 [0.393282 0.343936 1.550012] test
1611 -9.825014076885964
1612 -10.257612242936101
1613 -9.735124709345031
1614 -10.330404117027557
1615 -10.156982101371042
1616 -10.355111586312299
1617 -10.181815336420105
1618 -9.950010393509062
1619 -10.075427177949695
1620 -9.641067574948291
1620 [0.391503 0.343444 1.54071 ] test
1621 -10.173687225350058
1622 -10.057239748273707
1623 -10.211720273249275
1624 -10.184914071177568
1625 -9.905391276179406
1626 -10.066358241774713
1627 -10.2539261509082
1628 -10.184087054958264
1629 -9.794764462240005
1630 -9.941431438215313
1630 [0.403641 0.342239 1.544082] test
1631 -9.968554465592971
1632 -10.404782794275944
1633 -10.099398136491482
1634 -10.244412505443053
1635 -10.012741892486261
1636 -9.960118760648692
1637 -9.673775301881305
1638 -10.212225393430701
1639 -9.945872449937578
1640 -10.151615311608477
1640 [0.391941 0.338575 1.544428] test
1641 -10.35351947224429
1642 -10.019672651656135
1643 -9.977372657993604
1644 -10.035427994383376
1645 -10.257030274294875
1646 -10.345002337514773
1647 -10.038966908092528
1648 -10.166760365389568
1649 -10.13509748726646
1650 -9.808084321140226
1650 [0.398057 0.341315 1.543982] test
1651 -10.21805993311455
1652 -9.878999050267923
1653 -9.928483119966623
1654 -9.85011220532375
1655 -10.303430016166589
1656 -10.264086184919933
1657 -10.00693066060261
1658 -10.02402496828915
1659 -10.26904092524012
1660 -10.045043458745209
1660 [0.395922 0.341077 1.547011] test
1661 -10.235231821230094
1662 -10.47271788221962
1663 -10.265877051975103
1664 -10.203178788679393
1665 -9.736038123259746
1666 -10.135608338721369
1667 -10.233676344998422
1668 -10.29046690512662
1669 -9.731683937337815
1670 -10.305161328032327
1670 [0.388818 0.341204 1.543375] test
1671 -10.188080821208015
1672 -10.263346975344385
1673 -10.28464243628515
1674 -10.367383763559586
1675 -10.0139597756107
1676 -10.251659664058243
1677 -9.816551258206738
1678 -10.263351698559434
1679 -10.224222823107715
1680 -10.25813370161152
1680 [0.390814 0.344187 1.546522] test
1681 -10.409183149049593
1682 -10.154011251505562
1683 -10.454104325159145
1684 -10.092073832570305
1685 -10.388036385960977
1686 -10.30273482370294
1687 -10.49465709974651
1688 -10.046859643770002
1689 -9.867338769365125
1690 -10.239489489016847
1690 [0.39384  0.343713 1.546922] test
1691 -10.233432430954975
1692 -10.31827243388223
1693 -10.33468963737534
1694 -10.327161539489511
1695 -10.366211221156524
1696 -10.302092223658416
1697 -10.555861921999414
1698 -10.15582027845114
1699 -9.975679751869945
1700 -10.080434835093314
1700 [0.390275 0.341992 1.546008] test
1701 -10.229928794308266
1702 -9.89735877045254
1703 -10.192532234647327
1704 -10.064818437977104
1705 -10.11159603267882
1706 -9.816292549641355
1707 -9.880801091520109
1708 -9.915088697241854
1709 -10.117757646557626
1710 -10.052139855066887
1710 [0.399217 0.340606 1.55017 ] test
1711 -10.036304380659024
1712 -10.40959630545743
1713 -10.321598292995503
1714 -10.37631616519256
1715 -9.843881078738756
1716 -10.343407531708301
1717 -10.058678791953929
1718 -10.344456962902614
1719 -10.265660124042034
1720 -10.048120435536513
1720 [0.392935 0.342372 1.546619] test
1721 -10.109815958268719
1722 -10.097043618372622
1723 -10.385977481799333
1724 -10.305707730549935
1725 -9.840026155945143
1726 -10.137480073754693
1727 -10.250962943210562
1728 -10.287456810953351
1729 -10.345323158642636
1730 -10.097131783264354
1730 [0.392455 0.344834 1.549525] test
1731 -10.250363525154429
1732 -10.351704312638665
1733 -10.33542145170983
1734 -9.922361372147638
1735 -10.039414087903477
1736 -10.221629016613392
1737 -10.620087439941594
1738 -10.34782220155359
1739 -10.220661042422584
1740 -10.38638291848227
1740 [0.401683 0.342993 1.550364] test
1741 -10.494838470477442
1742 -10.388701677231856
1743 -10.189273399018562
1744 -10.370038873334147
1745 -9.144478932360167
1746 -10.178270009070781
1747 -10.01497084985508
1748 -10.063618751917303
1749 -10.14777271477246
1750 -10.256080172132542
1750 [0.400522 0.342445 1.554501] test
1751 -10.191003662021052
1752 -10.188930448742632
1753 -10.011101222177851
1754 -10.192038331336768
1755 -9.886681220422773
1756 -10.290344687074118
1757 -10.171907598565017
1758 -9.60208520710768
1759 -10.443102974333508
1760 -10.154129560325481
1760 [0.389098 0.341167 1.548259] test
1761 -10.29736808208306
1762 -10.402559296048457
1763 -10.348918294398192
1764 -10.440302066946284
1765 -9.927413905312527
1766 -10.418052173238738
1767 -9.956909096060949
1768 -10.218516802595701
1769 -10.418977865715611
1770 -10.271078051226793
1770 [0.387627 0.341339 1.549357] test
1771 -10.405003640530914
1772 -10.495177497521254
1773 -10.295724009553831
1774 -10.351034741160104
1775 -10.13800196579141
1776 -10.283496456286745
1777 -10.24142694594591
1778 -10.197555246826537
1779 -10.456225829510409
1780 -10.096868991176738
1780 [0.396934 0.342789 1.54884 ] test
1781 -10.426949477655997
1782 -10.263739903396766
1783 -10.615251364525449
1784 -10.272581264175061
1785 -10.239992401662912
1786 -9.984766283074123
1787 -10.330898592056407
1788 -10.330399033713933
1789 -10.21549831113627
1790 -9.921898423408297
1790 [0.402676 0.339478 1.544693] test
1791 -10.374783778676504
1792 -9.972705951198842
1793 -10.204605301077166
1794 -10.24357137541063
1795 -10.120739680979632
1796 -10.245775657710164
1797 -10.291212724595738
1798 -10.015408949986801
1799 -10.538628630488885
1800 -10.186596386846565
1800 [0.397224 0.342576 1.552349] test
1801 -10.05271943493258
1802 -10.401851492597244
1803 -10.237522622225043
1804 -10.048188656415215
1805 -9.91634979654629
1806 -10.491419873983341
1807 -10.565945444951465
1808 -10.557629355338042
1809 -10.176560943223604
1810 -10.324013824577962
1810 [0.385693 0.340251 1.547656] test
1811 -10.277310470817229
1812 -10.15288466656772
1813 -10.345536689033674
1814 -10.459383941517787
1815 -10.17800434015457
1816 -10.212554887423165
1817 -10.511878557865728
1818 -10.289052472352111
1819 -10.078582241198358
1820 -10.673570473264464
1820 [0.383316 0.340813 1.546101] test
1821 -10.344169245101487
1822 -10.44149003120228
1823 -10.002780942325865
1824 -10.288871689893032
1825 -10.474054426179633
1826 -10.421115710152305
1827 -10.373568683607445
1828 -10.467257925911289
1829 -10.393728157027114
1830 -10.374651256379368
1830 [0.391341 0.342992 1.549661] test
1831 -10.182385306827346
1832 -10.550155728287042
1833 -10.634511903625736
1834 -10.392819555280417
1835 -10.256783669456569
1836 -10.407564453745405
1837 -10.47101125724203
1838 -10.212244277531363
1839 -10.185520372777617
1840 -10.43859314101697
1840 [0.395722 0.341022 1.547335] test
1841 -10.298116248152075
1842 -10.22964233130534
1843 -10.244638918879536
1844 -10.09115946480589
1845 -10.163283720878848
1846 -10.262637976856901
1847 -10.374142115142167
1848 -10.172942925143277
1849 -10.0921005037198
1850 -10.199879788259302
1850 [0.384626 0.340732 1.549136] test
1851 -10.06055255735168
1852 -10.371286421857222
1853 -10.32793836792061
1854 -10.519231528359077
1855 -10.61595960222094
1856 -10.343324713568588
1857 -10.337451057658951
1858 -10.439327120103318
1859 -10.23605078552321
1860 -10.541670347977908
1860 [0.387536 0.340576 1.545865] test
1861 -10.659985757078154
1862 -10.34414664109872
1863 -10.467605074751367
1864 -10.455714187302098
1865 -10.51340558732751
1866 -10.647844659368387
1867 -10.034458120460236
1868 -10.261039627288936
1869 -10.264115725444977
1870 -10.598102923967334
1870 [0.394361 0.341741 1.542246] test
1871 -10.509637142528415
1872 -10.132738344652143
1873 -10.41161324096077
1874 -9.931946319485524
1875 -10.343018736822655
1876 -10.434739161521405
1877 -10.082228222363055
1878 -10.506979239032269
1879 -10.598365515187393
1880 -10.50417766447602
1880 [0.392737 0.343225 1.551876] test
1881 -10.523438434274661
1882 -10.16776018263284
1883 -10.24176638923016
1884 -10.311237674794173
1885 -9.841938788642352
1886 -9.74623799410683
1887 -10.319706542165068
1888 -10.564168712179354
1889 -10.41385881895553
1890 -10.60446994153197
1890 [0.397601 0.343009 1.54899 ] test
1891 -10.2736361128935
1892 -10.349892408290945
1893 -10.610098653852615
1894 -10.638652299034213
1895 -10.147995093105136
1896 -10.50705725204752
1897 -10.351985372287855
1898 -10.622000851914725
1899 -10.512212937450368
1900 -10.529989457404424
1900 [0.392423 0.340602 1.548686] test
1901 -10.484215936102185
1902 -10.351517059831986
1903 -10.391740607496752
1904 -10.018793027351721
1905 -10.563798327937176
1906 -10.326458846130297
1907 -10.6245575391836
1908 -10.444370800293921
1909 -10.25547764121599
1910 -10.317194692265279
1910 [0.396331 0.339941 1.5474  ] test
1911 -10.38850213191798
1912 -10.289494817392834
1913 -10.669915022435907
1914 -10.579143445674438
1915 -10.54461569888541
1916 -10.451485633109478
1917 -10.224277511463823
1918 -10.541461959957859
1919 -10.402193917412601
1920 -10.2750647089087
1920 [0.389035 0.343522 1.547031] test
1921 -10.334608833209218
1922 -10.262549654519992
1923 -10.15073280132442
1924 -9.942721916348315
1925 -10.489406337074353
1926 -10.367860865809487
1927 -10.275399012417672
1928 -10.074887756996228
1929 -10.519401769860284
1930 -10.028404284738102
1930 [0.393531 0.341853 1.545898] test
1931 -10.565091166878245
1932 -10.55872774934618
1933 -10.19300652320042
1934 -10.294074951778464
1935 -10.793677752913158
1936 -10.352252315997148
1937 -10.825309364750257
1938 -10.61164956762605
1939 -10.6135504594988
1940 -10.571064680896024
1940 [0.398227 0.341866 1.55225 ] test
1941 -9.797670807711578
1942 -10.775865032027516
1943 -10.23807889623223
1944 -10.274184557244068
1945 -10.162259152522871
1946 -10.652611188330209
1947 -10.45731292345281
1948 -10.235511709486076
1949 -10.13165855296129
1950 -10.291427854489976
1950 [0.396523 0.34049  1.541972] test
1951 -10.39035451978093
1952 -10.700248799716613
1953 -10.515258230260995
1954 -9.54380898875364
1955 -10.28392059166002
1956 -10.603384370929787
1957 -10.544637413178279
1958 -10.255121741524361
1959 -10.22157907539308
1960 -10.598942824780893
1960 [0.383841 0.342207 1.546927] test
1961 -10.281024955576326
1962 -10.609660845314789
1963 -10.644136061449457
1964 -9.962708830678583
1965 -9.795502638057492
1966 -10.32560861639301
1967 -10.288473468062127
1968 -10.544815250506428
1969 -9.642949970126
1970 -10.419980789485429
1970 [0.388154 0.341083 1.552873] test
1971 -10.441298165516246
1972 -10.695471092484555
1973 -10.376867722651665
1974 -10.193050149117534
1975 -10.518271094324643
1976 -9.755950475586824
1977 -10.642064692874014
1978 -10.541575774350166
1979 -10.466393067483523
1980 -10.565581981373281
1980 [0.398889 0.341786 1.551037] test
1981 -10.610870415477596
1982 -10.625534058476703
1983 -10.300025697752048
1984 -10.258212842578677
1985 -10.701089916374869
1986 -10.891644842059314
1987 -10.448575555436683
1988 -10.46302152908594
1989 -10.555550442996598
1990 -10.316202010220053
1990 [0.390171 0.340723 1.548758] test
1991 -10.53648815247847
1992 -10.449046689002827
1993 -10.711272263617257
1994 -10.134689210333063
1995 -10.642337085684735
1996 -10.647072705041174
1997 -10.560032949126127
1998 -10.436932171861905
1999 -10.563849760828205
2000 -10.241542578906257
2000 [0.381853 0.342237 1.55276 ] test
2001 -10.598326612303145
2002 -10.231725964104522
2003 -9.992321609081342
2004 -10.519762578442952
2005 -10.886859508778608
2006 -10.503717643439233
2007 -10.306850421719126
2008 -10.453346025191482
2009 -10.346445927721525
2010 -10.754842529374177
2010 [0.392983 0.34093  1.547928] test
2011 -10.516442721005191
2012 -10.57846466613377
2013 -10.632526899757929
2014 -10.708675604418204
2015 -10.30062208070571
2016 -10.494712997601495
2017 -10.775074583025932
2018 -10.593178183025344
2019 -10.535797367496247
2020 -10.61419083217469
2020 [0.388307 0.342542 1.552687] test
2021 -10.49365304402578
2022 -10.656366752961967
2023 -10.373951070639501
2024 -10.012738880548731
2025 -10.641999890833208
2026 -10.389913009121763
2027 -10.650309190651013
2028 -10.64783415128157
2029 -10.412895820905508
2030 -10.161246566898132
2030 [0.397077 0.337102 1.554156] test
2031 -10.321509734385382
2032 -10.201487986114183
2033 -10.809563643841935
2034 -10.793043015607276
2035 -10.5842446202041
2036 -10.458904325195723
2037 -9.978436546654118
2038 -10.52812726278675
2039 -10.610510501751126
2040 -10.1080424847661
2040 [0.385924 0.34076  1.549115] test
2041 -10.500002416881443
2042 -10.412438945683736
2043 -10.504066203585266
2044 -10.778604503260576
2045 -10.345658620132127
2046 -10.25050191778249
2047 -10.44063155308891
2048 -10.641379048656459
2049 -9.787839551612674
2050 -10.70840488381873
2050 [0.386055 0.342732 1.543243] test
2051 -10.61736060923125
2052 -10.59164611147601
2053 -10.327033669804573
2054 -10.482953747603235
2055 -10.580313572184954
2056 -10.04343788032331
2057 -10.570707304800093
2058 -10.424520991837609
2059 -10.726081114322982
2060 -10.452301816040105
2060 [0.388039 0.34118  1.548289] test
2061 -10.712333864341197
2062 -10.395344706855282
2063 -10.526187911432288
2064 -10.68085438887911
2065 -9.794044177822435
2066 -10.26946975568445
2067 -10.640914334471818
2068 -10.696800646542489
2069 -10.364413305838886
2070 -10.1418362881885
2070 [0.392625 0.344571 1.559976] test
2071 -10.100255452210309
2072 -10.816469154071156
2073 -10.892232621809027
2074 -10.680441897462604
2075 -10.885326628353086
2076 -10.787027453689758
2077 -10.595661376760576
2078 -10.553842457117323
2079 -10.698879876338326
2080 -10.899856562314886
2080 [0.396585 0.340745 1.550292] test
2081 -10.79273604839887
2082 -10.52831017016889
2083 -10.585209291927322
2084 -10.210475837139734
2085 -10.157374547192477
2086 -10.583912443330506
2087 -10.510719777276444
2088 -10.727794230948213
2089 -10.993049478735406
2090 -10.947176280100603
2090 [0.401048 0.342306 1.554871] test
2091 -10.982436768217154
2092 -10.544349043962239
2093 -10.602793501946612
2094 -10.69030840130605
2095 -10.696201503423781
2096 -10.436698053566676
2097 -10.923799243778907
2098 -10.66050697078167
2099 -10.679395278406814
2100 -10.587196949299566
2100 [0.384285 0.341442 1.553371] test
2101 -10.871281874875427
2102 -10.876287509724895
2103 -10.978515928537842
2104 -10.638256698461298
2105 -10.843427637733667
2106 -10.364850225579763
2107 -10.561309665954491
2108 -10.364497379186234
2109 -10.657793002717117
2110 -10.569075947044267
2110 [0.397253 0.344065 1.551593] test
2111 -10.364208205626005
2112 -10.22145047238399
2113 -10.619384094276588
2114 -10.670248323713638
2115 -10.646036410048444
2116 -10.81205039970009
2117 -10.454428999157798
2118 -10.60604541025042
2119 -10.725572687059717
2120 -10.609875287039413
2120 [0.387002 0.343297 1.549753] test
2121 -10.782360820254166
2122 -10.324161389963344
2123 -10.73806238709771
2124 -10.575453357175999
2125 -10.534444893419995
2126 -10.710541105854137
2127 -10.693689957128436
2128 -10.44472633302001
2129 -10.986844537513564
2130 -10.35065576005009
2130 [0.381537 0.343351 1.549535] test
2131 -10.540943713381447
2132 -10.696834694320478
2133 -10.82292367748127
2134 -10.616050796176344
2135 -10.71082726856491
2136 -10.28081505508972
2137 -10.785775304630912
2138 -10.663571056878054
2139 -11.009324038740747
2140 -10.531740082078459
2140 [0.38929  0.339846 1.550746] test
2141 -10.341370218719703
2142 -10.814068773337231
2143 -10.635759262479613
2144 -10.71168461912267
2145 -10.419550720263
2146 -10.17680381314793
2147 -10.669625845942049
2148 -10.621997539445099
2149 -10.345448262228606
2150 -10.721965483362935
2150 [0.379696 0.342471 1.556089] test
2151 -10.752104997741073
2152 -10.831633692697666
2153 -10.635752422559134
2154 -10.727591586222532
2155 -10.74349945424269
2156 -10.56171129141508
2157 -9.983715738252714
2158 -10.762096461249973
2159 -10.880632976637214
2160 -10.971608867404731
2160 [0.385445 0.338553 1.550186] test
2161 -10.671328220732407
2162 -10.700298743178092
2163 -10.487468620405147
2164 -10.024034074694164
2165 -10.669722792518048
2166 -10.712381003347842
2167 -10.989314406606379
2168 -10.436367691028257
2169 -10.846378684997372
2170 -10.598338602096312
2170 [0.384804 0.343312 1.549455] test
2171 -10.857975117759096
2172 -11.006282762755733
2173 -10.530813095368876
2174 -10.759169833959694
2175 -10.902585957055079
2176 -10.776165136799055
2177 -10.239813004364803
2178 -10.882573130181704
2179 -10.620455590544102
2180 -10.579269845770433
2180 [0.381682 0.343201 1.553267] test
2181 -10.96168330118861
2182 -10.146767359373715
2183 -10.983185870013504
2184 -11.121312899920074
2185 -10.718025931030555
2186 -10.489411002244742
2187 -10.445308619167538
2188 -10.704403331251783
2189 -10.416827223451866
2190 -10.677965406730564
2190 [0.387419 0.340219 1.547951] test
2191 -10.744348041937968
2192 -10.646475330116987
2193 -10.208541923337554
2194 -10.611199092195989
2195 -10.327707361785926
2196 -10.524024722305057
2197 -10.91137278643435
2198 -10.479944647394033
2199 -10.565873773341496
2200 -10.64657537759683
2200 [0.390458 0.342311 1.548027] test
2201 -10.551249302118626
2202 -10.712453142623573
2203 -11.001704946646308
2204 -10.895385193690567
2205 -10.464407094695973
2206 -10.675065057750398
2207 -10.677356917033055
2208 -10.78956838950861
2209 -10.81343678767488
2210 -10.7933418378841
2210 [0.37818  0.34124  1.550351] test
2211 -10.770331493151724
2212 -10.867226602399358
2213 -10.983871399438003
2214 -10.935678178341231
2215 -10.542557908338704
2216 -10.989643009144832
2217 -9.908594629620099
2218 -10.905727348968695
2219 -10.666737737514437
2220 -10.326199019747719
2220 [0.387617 0.339897 1.551609] test
2221 -10.58532038476508
2222 -10.803902352163155
2223 -10.700001712266557
2224 -10.994421368484522
2225 -10.817976094516572
2226 -10.808443858150964
2227 -11.046419125920318
2228 -10.078515128202
2229 -10.506722572554779
2230 -10.787747718088047
2230 [0.38814  0.339282 1.545008] test
2231 -10.796579635381535
2232 -10.660467606313642
2233 -11.117497375741959
2234 -10.88379069628437
2235 -10.917417219149076
2236 -10.53126209013782
2237 -10.629737046823477
2238 -10.95892241877011
2239 -11.057865794260302
2240 -11.149472337799713
2240 [0.386805 0.341003 1.554305] test
2241 -10.973988119505055
2242 -10.319609347849015
2243 -10.283359855947497
2244 -10.719087938949192
2245 -11.158344516370738
2246 -10.667470012537608
2247 -10.645973993269097
2248 -10.326040144208365
2249 -10.550487153041983
2250 -11.11412769827749
2250 [0.389129 0.340611 1.548581] test
2251 -10.768799367283838
2252 -10.682263049857562
2253 -10.396470776206234
2254 -10.872997280009303
2255 -10.758308894988211
2256 -10.294181710316963
2257 -10.85711064234351
2258 -10.83914571563639
2259 -11.036768051297614
2260 -11.03732688988818
2260 [0.378427 0.340658 1.552768] test
2261 -10.578125334484728
2262 -11.089980933033969
2263 -10.735342825735744
2264 -10.979602069534403
2265 -10.816634953508894
2266 -10.501635079353735
2267 -10.99477845910948
2268 -10.9488730630048
2269 -10.979739499787124
2270 -10.573995398350803
2270 [0.386453 0.342981 1.552983] test
2271 -10.451146403202614
2272 -10.509228090117993
2273 -10.71658564906383
2274 -10.985726561070287
2275 -10.683716353378612
2276 -11.08949404760331
2277 -10.427221469431977
2278 -10.835479148675995
2279 -11.091998590496638
2280 -10.936641367867312
2280 [0.382486 0.341087 1.551137] test
2281 -10.664800152158412
2282 -10.573163418305862
2283 -10.392666141638884
2284 -10.728761919598885
2285 -10.838796649790646
2286 -11.278620796140805
2287 -10.693906558202322
2288 -10.612006713673026
2289 -10.95127981506524
2290 -10.218503076816164
2290 [0.383724 0.340574 1.551574] test
2291 -10.793851764366542
2292 -10.909744382399186
2293 -10.987105674221683
2294 -11.041590150491816
2295 -10.830924252610618
2296 -10.918999705679537
2297 -10.792441035609512
2298 -10.777138871258861
2299 -10.657036556805037
2300 -10.952882036551042
2300 [0.383408 0.342061 1.546276] test
2301 -11.167917066371075
2302 -10.646330436915248
2303 -10.820811416750391
2304 -10.75093536001736
2305 -10.937641382914734
2306 -10.764364594516016
2307 -10.957262362662712
2308 -10.520426921832243
2309 -10.848122266436187
2310 -10.592238254451003
2310 [0.377641 0.342313 1.549166] test
2311 -10.804198229557379
2312 -10.919196915441185
2313 -10.450093645138296
2314 -10.966169983909918
2315 -10.805961755072099
2316 -10.757112399408348
2317 -10.789942028277594
2318 -10.755665147149271
2319 -10.66678289136943
2320 -10.788376574093963
2320 [0.379324 0.34264  1.552271] test
2321 -10.925784527870974
2322 -11.100760300001975
2323 -10.867801845373954
2324 -10.858508324817095
2325 -10.7865794231052
2326 -10.298934002606256
2327 -10.618983859421213
2328 -10.687589533660168
2329 -11.201444669494133
2330 -11.132419072192956
2330 [0.379094 0.341338 1.547446] test
2331 -10.929518094831186
2332 -10.79428521967397
2333 -10.930079905472178
2334 -10.758476340081357
2335 -10.726832709036588
2336 -10.735369331643101
2337 -10.906056534786785
2338 -11.017341509879893
2339 -10.99737733343009
2340 -11.018840228713184
2340 [0.392366 0.341735 1.553229] test
2341 -10.937622417492015
2342 -11.050380712297894
2343 -10.769533233124545
2344 -10.842458287185439
2345 -10.650889177790804
2346 -10.718582119570703
2347 -10.646529303120975
2348 -10.772276577276646
2349 -11.016587282881577
2350 -10.458112429463444
2350 [0.388921 0.343293 1.555702] test
2351 -10.517117091992315
2352 -10.785313251614236
2353 -10.668134804803223
2354 -11.115042082787792
2355 -10.8884276793798
2356 -10.941862256827179
2357 -11.011973474257555
2358 -11.007116001337188
2359 -11.053181037724482
2360 -10.82168176983747
2360 [0.376402 0.340532 1.556889] test
2361 -10.932880391920376
2362 -10.804034671932378
2363 -10.880279790184327
2364 -11.01401591318028
2365 -10.520835176349502
2366 -10.869112851368069
2367 -10.49785648644517
2368 -10.772416756086967
2369 -10.841742132163134
2370 -10.831494552339448
2370 [0.373295 0.340288 1.549157] test
2371 -10.684051507586146
2372 -11.097262685164477
2373 -10.421958019882672
2374 -10.858623475160394
2375 -10.220373228907052
2376 -10.648551745322008
2377 -10.911380885819069
2378 -10.363072699951424
2379 -11.030120309487968
2380 -10.817530729409501
2380 [0.379331 0.340323 1.554525] test
2381 -11.061732177638124
2382 -10.196672013901892
2383 -10.355660295541691
2384 -10.896946874498306
2385 -10.357992852920562
2386 -10.9262000903439
2387 -10.912911417914684
2388 -11.170326172404083
2389 -10.93436004905935
2390 -10.972771864433932
2390 [0.382352 0.340669 1.549462] test
2391 -10.513446164854784
2392 -10.749739576154417
2393 -10.785648102621135
2394 -10.854795088765796
2395 -11.00239479148195
2396 -11.357043707119063
2397 -11.150733833649591
2398 -10.990227546091731
2399 -10.419270921727904
2400 -10.946388114838703
2400 [0.385235 0.339174 1.549866] test
2401 -11.091233032862675
2402 -10.659353933919679
2403 -10.824550230701593
2404 -10.751422179429616
2405 -10.880841304585557
2406 -11.39744808638735
2407 -11.109280518495948
2408 -11.022522773878347
2409 -10.969582812599034
2410 -10.991944407921803
2410 [0.389482 0.341635 1.550382] test
2411 -11.098628305515469
2412 -11.159340060311033
2413 -11.033333614335449
2414 -10.860857976095796
2415 -10.881394174562827
2416 -11.136844798163557
2417 -11.084029336521802
2418 -11.165790787130275
2419 -10.863488639958788
2420 -11.097911932568831
2420 [0.383971 0.343429 1.551423] test
2421 -10.652382342991503
2422 -10.766866252046686
2423 -10.918895245311464
2424 -10.778398400272607
2425 -10.313352325696252
2426 -10.429024722512098
2427 -10.948520373199598
2428 -11.025483565842888
2429 -11.054616707931054
2430 -11.318238058077123
2430 [0.378779 0.341144 1.544462] test
2431 -10.637897911815575
2432 -10.867837670353177
2433 -11.3152755064136
2434 -10.886919087143749
2435 -10.697859810552458
2436 -10.835254548825308
2437 -10.981015430538072
2438 -10.917802450938328
2439 -11.053656012259514
2440 -11.149412267271845
2440 [0.377464 0.337921 1.554364] test
2441 -10.954118008185358
2442 -11.065919259155379
2443 -10.738252584564696
2444 -10.866059832226473
2445 -10.788547191235931
2446 -11.409409487581971
2447 -11.0880805418658
2448 -10.898468473862353
2449 -10.17016407010591
2450 -11.133335945492327
2450 [0.385299 0.342692 1.550895] test
2451 -10.966456594315414
2452 -10.886182212675804
2453 -10.931246385117769
2454 -10.800643612233742
2455 -11.285628329024869
2456 -11.089747474469617
2457 -10.655244676617054
2458 -10.877846276450208
2459 -11.026241219795697
2460 -10.989445442824719
2460 [0.379288 0.340979 1.552247] test
2461 -11.349746127556823
2462 -10.934922587613439
2463 -10.414437950788669
2464 -10.52717175088135
2465 -10.779668681520917
2466 -10.930487146338121
2467 -10.516382694092382
2468 -10.914674342622313
2469 -11.020435826187883
2470 -10.521412297156209
2470 [0.381268 0.34101  1.55195 ] test
2471 -10.913496449135685
2472 -11.097725466359591
2473 -11.162032590269868
2474 -10.679928469058064
2475 -11.22769123674379
2476 -11.409415965099333
2477 -11.26382915186534
2478 -11.2519206685376
2479 -11.162191133149957
2480 -10.827512237452458
2480 [0.389384 0.340065 1.549372] test
2481 -11.053502986993243
2482 -11.38775866293664
2483 -10.732887002063139
2484 -10.463939995554899
2485 -11.202743202463468
2486 -10.887263459345899
2487 -11.248961708570617
2488 -10.129025357451154
2489 -11.008415841196676
2490 -11.132646782422423
2490 [0.389345 0.341416 1.547674] test
2491 -10.953094719313041
2492 -10.868937935123723
2493 -10.685161128335686
2494 -11.04256701871033
2495 -11.284834661244759
2496 -10.729064771708979
2497 -10.955808742796572
2498 -11.413524689875507
2499 -10.386422854608368
2500 -10.84425073549776
2500 [0.376381 0.338521 1.54565 ] test
2501 -11.12812897108765
2502 -11.05252276472042
2503 -11.344878258940371
2504 -11.011303993486171
2505 -11.085935866587105
2506 -11.026584569041576
2507 -11.277843913442632
2508 -11.284579344543307
2509 -11.141353577973863
2510 -11.19501257653278
2510 [0.384165 0.341726 1.553048] test
2511 -11.092437107894193
2512 -11.021382669915809
2513 -11.162232434628343
2514 -10.68487075075078
2515 -11.018116482209996
2516 -11.456571541263184
2517 -10.727003384551573
2518 -10.882794838874448
2519 -11.059056531527196
2520 -11.268570737408874
2520 [0.381854 0.34212  1.551304] test
2521 -11.204155486903154
2522 -11.189571721876764
2523 -11.065434052570867
2524 -10.924130463632078
2525 -11.046781661397441
2526 -11.074390610095152
2527 -10.941667575054641
2528 -11.169925387233864
2529 -11.407139637097012
2530 -10.843204299262343
2530 [0.381057 0.339775 1.549487] test
2531 -11.079854614804413
2532 -11.063572348224898
2533 -11.177490468079888
2534 -11.070470011348684
2535 -11.200357242805541
2536 -10.095334685737852
2537 -10.99794779374005
2538 -11.051107408217305
2539 -10.524847371263034
2540 -10.933706955034308
2540 [0.382007 0.341984 1.555507] test
2541 -11.067774535847763
2542 -10.300765722542733
2543 -11.22127364504195
2544 -11.091466226027103
2545 -11.260153638588779
2546 -10.790659236328745
2547 -11.355417483184342
2548 -11.421136829479876
2549 -11.097999753983947
2550 -10.752214207574049
2550 [0.378428 0.340257 1.547615] test
2551 -10.875839433065043
2552 -11.242771091300202
2553 -9.89505032796453
2554 -10.785893444677319
2555 -10.946903622409971
2556 -10.725328436545299
2557 -10.908512569468042
2558 -10.965701958127136
2559 -11.01217374190747
2560 -11.15563270165571
2560 [0.37868  0.340595 1.551744] test
2561 -10.965963395339637
2562 -11.088645844735519
2563 -10.806542538919743
2564 -10.593074921945394
2565 -11.011983706903514
2566 -11.218706854978441
2567 -11.165161310819078
2568 -10.757175236454515
2569 -11.326060019307523
2570 -11.268872862177128
2570 [0.38411  0.340757 1.546936] test
2571 -10.304759672116559
2572 -10.827377041982459
2573 -11.245356040669604
2574 -11.164505829216202
2575 -11.237294073927988
2576 -11.310554774918073
2577 -10.817456128614888
2578 -11.289939590900943
2579 -11.14408709051448
2580 -10.705346595900753
2580 [0.378574 0.342647 1.549455] test
2581 -10.983005118975917
2582 -11.079888201147947
2583 -10.929971147725043
2584 -11.16248947364863
2585 -10.415851329051435
2586 -10.863053347923815
2587 -11.16455347617244
2588 -10.933836283393601
2589 -11.297249147849548
2590 -10.49300668084365
2590 [0.387787 0.340931 1.5508  ] test
2591 -10.92976152817341
2592 -11.333421731739438
2593 -11.164813450794831
2594 -9.476244902671036
2595 -10.870343389587754
2596 -10.91934541959733
2597 -10.722430191989167
2598 -10.894546144894118
2599 -10.60208088433445
2600 -10.795613297437818
2600 [0.376718 0.342376 1.547537] test
2601 -11.190527167628634
2602 -10.944400593823074
2603 -11.221365471447363
2604 -11.191455076922892
2605 -11.2603192132426
2606 -10.866839976225128
2607 -11.07110345318068
2608 -11.522607930115631
2609 -10.68601967240786
2610 -10.81463398651872
2610 [0.380403 0.341217 1.550832] test
2611 -11.161098279862399
2612 -11.48852749158322
2613 -11.022535539097474
2614 -11.04123692626718
2615 -11.494598525686076
2616 -11.071447132408352
2617 -11.346230805840753
2618 -10.424939584179004
2619 -10.627465845280906
2620 -10.774111530155322
2620 [0.386019 0.34058  1.549299] test
2621 -11.10733467626089
2622 -11.086018752529432
2623 -10.608072041700034
2624 -11.483254307780156
2625 -11.298224008182267
2626 -10.897184576876258
2627 -10.942840549149325
2628 -10.955183725079502
2629 -11.121477849592615
2630 -10.982602736421834
2630 [0.378274 0.341613 1.545974] test
2631 -11.088164416685776
2632 -10.800092183845623
2633 -11.283449982261176
2634 -11.066217299091997
2635 -11.341845283366197
2636 -11.263473643346074
2637 -11.082630538017716
2638 -11.312000507763946
2639 -11.282450240671508
2640 -11.372089666692982
2640 [0.39372  0.341476 1.54909 ] test
2641 -11.083589176050253
2642 -10.750937501269538
2643 -11.175941937179129
2644 -11.354389621987714
2645 -11.31809532002442
2646 -11.296843666777383
2647 -10.658888516270695
2648 -9.674626602972683
2649 -10.609838747067508
2650 -10.500119334539459
2650 [0.384185 0.340745 1.55122 ] test
2651 -10.223468981455923
2652 -10.622100439687745
2653 -10.857686218241223
2654 -10.636414273337389
2655 -10.683625852994751
2656 -10.840676453945067
2657 -10.436977509897806
2658 -10.757050652419478
2659 -10.507704116350679
2660 -10.332351583927494
2660 [0.384174 0.339919 1.547236] test
2661 -10.6871134644691
2662 -10.656623169552624
2663 -10.952098941752068
2664 -11.008386492349937
2665 -10.687744078176019
2666 -10.960313599215878
2667 -10.925408042311462
2668 -10.811695335984227
2669 -10.533778860434653
2670 -10.654437620713358
2670 [0.385969 0.344436 1.55137 ] test
2671 -10.725036495486655
2672 -10.80605850323104
2673 -10.771383824440548
2674 -10.754827265740904
2675 -10.967497897602286
2676 -10.741975876270418
2677 -10.29567733789529
2678 -10.932215571937272
2679 -10.431493393967033
2680 -10.45183711002096
2680 [0.391786 0.336852 1.540765] test
2681 -10.703610444705786
2682 -10.890452006895092
2683 -10.438888907108337
2684 -11.108057996578216
2685 -10.650988019032253
2686 -11.029006964260354
2687 -10.401500580902043
2688 -10.90595685675969
2689 -11.00414911326202
2690 -10.821716833274898
2690 [0.382917 0.340071 1.549851] test
2691 -10.560333034887583
2692 -10.804748092717825
2693 -11.155719931709497
2694 -11.144884475573466
2695 -10.89181488860386
2696 -10.576480921315886
2697 -10.707301428333915
2698 -10.692190144592114
2699 -10.811781065396746
2700 -10.998581025599366
2700 [0.380925 0.340822 1.550088] test
2701 -11.097078340657998
2702 -11.19319585797346
2703 -10.847251037415555
2704 -10.80156215945969
2705 -10.868810182040345
2706 -10.840477254738023
2707 -10.900578351669678
2708 -11.046121473852496
2709 -11.185066054670642
2710 -11.07989291271849
2710 [0.387347 0.34047  1.554738] test
2711 -10.753326095449998
2712 -11.248842219153852
2713 -10.892966149024229
2714 -10.82331003268831
2715 -10.893968523734506
2716 -10.851546513674652
2717 -10.712929487033463
2718 -10.990800248248927
2719 -10.570184909897877
2720 -10.702829591237645
2720 [0.379401 0.338267 1.554158] test
2721 -11.021980909500138
2722 -11.026839478116717
2723 -10.62506651852026
2724 -10.968998768968794
2725 -11.110879138964247
2726 -11.187723374806035
2727 -11.295160539195056
2728 -10.764127780634972
2729 -10.587506476685464
2730 -10.763109876107366
2730 [0.38142  0.339691 1.550664] test
2731 -11.01637867808413
2732 -10.372002931454837
2733 -10.897192929977132
2734 -10.691192460041101
2735 -10.88675285256068
2736 -11.081935818371344
2737 -11.347681074788602
2738 -10.827561439494142
2739 -11.263607253180293
2740 -10.764569074223695
2740 [0.385016 0.339182 1.559267] test
2741 -10.279733994485623
2742 -11.2257125544624
2743 -10.073314413456812
2744 -10.930235813298376
2745 -11.206316008615724
2746 -11.0339873028566
2747 -11.015288251090883
2748 -11.209388428539334
2749 -11.01070577653013
2750 -11.325397715800616
2750 [0.380971 0.344729 1.549188] test
2751 -11.307383943290269
2752 -11.214937019737478
2753 -10.87156963046253
2754 -10.965165168472046
2755 -11.491973468715361
2756 -10.644659762487436
2757 -10.776302697243917
2758 -11.343876798978915
2759 -10.96549986216176
2760 -10.7971276780305
2760 [0.386746 0.341915 1.550044] test
2761 -10.901353351403284
2762 -11.163000129393941
2763 -11.023344782022134
2764 -11.552864283276417
2765 -10.644634704267425
2766 -10.984521040532883
2767 -11.009292438061998
2768 -11.073570203441033
2769 -11.427693926336552
2770 -10.955812992920986
2770 [0.378928 0.341142 1.55011 ] test
2771 -11.057688116444517
2772 -11.05068596392418
2773 -10.538586602669788
2774 -11.162545779174941
2775 -11.374843001031786
2776 -11.34062767595942
2777 -11.556656837553401
2778 -11.30322525993369
2779 -11.335059207282903
2780 -11.364535090179078
2780 [0.384903 0.339909 1.555588] test
2781 -10.869313407221838
2782 -10.557661944726778
2783 -11.3793870521932
2784 -10.895982563043633
2785 -10.79450213435379
2786 -11.250575260435319
2787 -11.494013289864649
2788 -10.698849079789555
2789 -11.483392751371134
2790 -10.404984005483927
2790 [0.382006 0.341637 1.553165] test
2791 -11.2964262892354
2792 -11.424430006915218
2793 -10.975538482649835
2794 -11.050331815689074
2795 -10.995235817530315
2796 -10.824518421606074
2797 -11.329884729361973
2798 -11.029477001522844
2799 -11.201851964017306
2800 -11.22660624980959
2800 [0.391349 0.340844 1.5516  ] test
2801 -11.354693883941612
2802 -11.506886565405951
2803 -11.149856008608486
2804 -10.790878604920442
2805 -11.497921554989786
2806 -11.471101012948125
2807 -10.915276666909977
2808 -11.104199260322355
2809 -11.039441060922892
2810 -10.749299245408954
2810 [0.389063 0.341529 1.551857] test
2811 -10.827297437000247
2812 -11.208503605635203
2813 -11.406455492243428
2814 -11.429971142030665
2815 -10.986479750439871
2816 -11.450068655328861
2817 -11.484696905807164
2818 -11.118727934439274
2819 -11.2963732047699
2820 -11.292684582749091
2820 [0.382924 0.340047 1.547749] test
2821 -11.308068848103792
2822 -11.142105141904155
2823 -11.203189971579858
2824 -11.353935546385134
2825 -11.328829285750107
2826 -11.354961448202204
2827 -10.845791696450219
2828 -11.247249616500264
2829 -11.315711506039323
2830 -11.405071720367866
2830 [0.388141 0.34097  1.548677] test
2831 -11.580801244889466
2832 -11.137277493343069
2833 -10.731003441657107
2834 -11.136263933103638
2835 -11.646150711451911
2836 -11.259661615892613
2837 -11.141073089759255
2838 -11.044211173529359
2839 -11.383895870624947
2840 -11.344557792367427
2840 [0.38435  0.340869 1.551463] test
2841 -11.257352480758733
2842 -11.469337261061655
2843 -11.300978884437423
2844 -11.289498014824396
2845 -11.33143731783901
2846 -11.410348078061517
2847 -11.26638267375252
2848 -11.097877994090984
2849 -11.383323177693867
2850 -11.00035451683731
2850 [0.379518 0.342618 1.551962] test
2851 -11.446028080961039
2852 -11.637519251218247
2853 -10.915728166161877
2854 -10.911422768510507
2855 -11.58314980462867
2856 -11.56494095044724
2857 -11.40946675137196
2858 -11.080653160462857
2859 -10.683314595425099
2860 -11.479531322739806
2860 [0.377929 0.339987 1.544962] test
2861 -10.859399058102994
2862 -11.257313005155979
2863 -11.247792716884529
2864 -11.174395144869788
2865 -11.439107691498817
2866 -11.394038106323741
2867 -10.492050911152196
2868 -11.344467053734498
2869 -10.997921730001186
2870 -11.496272462147875
2870 [0.380068 0.339012 1.552659] test
2871 -11.367845547024526
2872 -11.499838208581785
2873 -11.293469752196687
2874 -11.493642176353807
2875 -11.347990192514938
2876 -10.810769280389856
2877 -11.416331778767814
2878 -11.329112121207423
2879 -11.631541253220199
2880 -10.798959459594494
2880 [0.39315  0.342527 1.547549] test
2881 -11.169871133488499
2882 -11.324704409306676
2883 -10.906535303792394
2884 -11.080645245789869
2885 -10.839578880873926
2886 -11.129630001985326
2887 -11.717100414532885
2888 -11.427253545795459
2889 -11.034651738333869
2890 -10.800690469002726
2890 [0.373722 0.341962 1.546135] test
2891 -11.155695097502075
2892 -11.542820281718395
2893 -11.628154048007225
2894 -11.465654770670136
2895 -10.964489292217591
2896 -11.37133924278496
2897 -11.363514800568876
2898 -11.270374129999574
2899 -11.555625822033026
2900 -10.967702856547705
2900 [0.393894 0.341942 1.551488] test
2901 -11.460650185206037
2902 -10.849920980190136
2903 -11.525423151980865
2904 -11.20346064956622
2905 -11.304860477660641
2906 -11.352773808376728
2907 -11.49497194364173
2908 -10.980515218171258
2909 -11.196025208449123
2910 -10.919420368390988
2910 [0.389183 0.343084 1.553565] test
2911 -11.03414204505095
2912 -11.02126638516973
2913 -11.21639152437688
2914 -11.284072027646397
2915 -11.449366162473607
2916 -11.366510748078813
2917 -11.46778549276348
2918 -11.433618055689674
2919 -11.260501520767862
2920 -11.70486103001308
2920 [0.393661 0.342004 1.556595] test
2921 -11.284687566645799
2922 -10.88543434067201
2923 -10.892932213665258
2924 -11.382443417274782
2925 -11.559754765052073
2926 -10.918316151036448
2927 -11.466571539566845
2928 -11.587103370162009
2929 -11.293264003079596
2930 -11.238024493554935
2930 [0.396802 0.339674 1.552845] test
2931 -11.402082603625542
2932 -11.222188997543869
2933 -11.345637534161046
2934 -11.690565294281194
2935 -11.372324976754813
2936 -10.898098809905669
2937 -11.446828189088361
2938 -11.608719452073862
2939 -11.825238524666707
2940 -11.54735688271963
2940 [0.391677 0.341699 1.553705] test
2941 -11.483425841425955
2942 -10.816734143440293
2943 -11.305863211210827
2944 -11.083415028747053
2945 -11.13047003363327
2946 -11.383742540540954
2947 -11.712400439704263
2948 -11.124629807903098
2949 -11.436676961284999
2950 -11.40554122291075
2950 [0.392467 0.340957 1.552966] test
2951 -11.543221866991503
2952 -11.358315519490356
2953 -11.28658337145253
2954 -11.097234732693023
2955 -11.485880397721978
2956 -11.489502021606715
2957 -11.558206453350738
2958 -11.318004818417212
2959 -11.285118409118601
2960 -11.721565796397375
2960 [0.395607 0.3411   1.547902] test
2961 -11.701843433091904
2962 -11.310211835281399
2963 -11.623483622799101
2964 -11.433972721451958
2965 -11.436662043925228
2966 -10.94732369830678
2967 -11.151755391897106
2968 -10.319350652268028
2969 -10.45320139127387
2970 -10.631422861826705
2970 [0.387528 0.343084 1.553211] test
2971 -10.876974561510485
2972 -11.115502939947982
2973 -11.271948384644627
2974 -11.160631914734873
2975 -11.07984598508903
2976 -11.10038858116484
2977 -10.858504735203146
2978 -11.376200380192413
2979 -10.408223798386416
2980 -11.02917022822572
2980 [0.388449 0.341533 1.550989] test
2981 -11.038565978967831
2982 -11.27003956385964
2983 -10.943349868618704
2984 -10.997385706702289
2985 -11.181671289637597
2986 -11.154046106402125
2987 -11.261307081344645
2988 -11.422661317100646
2989 -11.150761566665288
2990 -10.911887758656572
2990 [0.398602 0.338087 1.549307] test
2991 -11.020964621900038
2992 -11.061200762542443
2993 -11.319575365017842
2994 -11.480523397929312
2995 -11.351089376154508
2996 -11.31952426386168
2997 -11.747097446418989
2998 -11.385425347403515
2999 -11.352939375151967
3000 -10.952219384181907
3000 [0.391938 0.342303 1.55193 ] test
